Wire length (minimum 10) : 50
Number of devices (from 2 to 9) : 3
Position of 3 device (from 1 to 48) : 20
Broadcast probability (from 0 to 1) : 0.02
Number of rounds : 1000
00000000000000000000000000000000000000000000000000
00000000000000000000000000000000000000000000000000
00000000000000000000000000000000000000000000000000
00000000000000000000000000000000000000000000000000
00000000000000000000000000000000000000000000000000
00000000000000000000000000000000000000000000000000
00000000000000000000000000000000000000000000000000
00000000000000000000000000000000000000000000000000
00000000000000000000000000000000000000000000000000
00000000000000000000000000000000000000000000000000
00000000000000000000000000000000000000000000000000
00000000000000000000000000000000000000000000000000
00000000000000000000000000000000000000000000000000
00000000000000000000000000000000000000000000000000
00000000000000000000000000000000000000000000000000
00000000000000000000000000000000000000000000000000
00000000000000000000000000000000000000000000000000
00000000000000000000000000000000000000000000000000
00000000000000000000000000000000000000000000000000
00000000000000000000000000000000000000000000000000
00000000000000000000000000000000000000000000000000
00000000000000000000000000000000000000000000000000
00000000000000000000000000000000000000000000000000
00000000000000000000000000000000000000000000000000
00000000000000000000000000000000000000000000000000
00000000000000000000000000000000000000000000000000
00000000000000000000000000000000000000000000000000
00000000000000000000000000000000000000000000000000
00000000000000000000000000000000000000000000000000
00000000000000000000000000000000000000000000000000
00000000000000000000000000000000000000000000000000
00000000000000000000300000000000000000000000000000
00000000000000000003330000000000000000000000000000
00000000000000000033333000000000000000000000000000
00000000000000000333333300000000000000000000000000
00000000000000003333333330000000000000000000000000
00000000000000033333333333000000000000000000000000
00000000000000333333333333300000000000000000000000
00000000000003333333333333330000000000000000000000
00000000000033333333333333333000000000000000000000
00000000000333333333333333333300000000000000000000
00000000003333333333333333333330000000000000000000
00000000033333333333333333333333000000000000000000
00000000333333333333333333333333300000000000000000
00000003333333333333333333333333330000000000000000
00000033333333333333333333333333333000000000000000
00000333333333333333333333333333333300000000000000
00003333333333333333333333333333333330000000000000
00033333333333333333333333333333333333000000000000
00333333333333333333333333333333333333300000000000
03333333333333333333333333333333333333330000000000
33333333333333333333333333333333333333333000000000
33333333333333333333333333333333333333333300000000
33333333333333333333333333333333333333333330000000
33333333333333333333333333333333333333333333000000
33333333333333333333333333333333333333333333300000
33333333333333333333333333333333333333333333330000
33333333333333333333333333333333333333333333333000
33333333333333333333333333333333333333333333333300
33333333333333333333333333333333333333333333333330
33333333333333333333333333333333333333333333333333
33333333333333333333333333333333333333333333333333
33333333333333333333333333333333333333333333333333
33333333333333333333333333333333333333333333333333
33333333333333333333333333333333333333333333333333
33333333333333333333333333333333333333333333333333
33333333333333333333333333333333333333333333333333
33333333333333333333333333333333333333333333333333
33333333333333333333333333333333333333333333333333
33333333333333333333333333333333333333333333333333
33333333333333333333333333333333333333333333333333
33333333333333333333333333333333333333333333333333
33333333333333333333333333333333333333333333333333
33333333333333333333333333333333333333333333333333
33333333333333333333333333333333333333333333333333
33333333333333333333333333333333333333333333333333
33333333333333333333333333333333333333333333333333
33333333333333333333333333333333333333333333333333
33333333333333333333333333333333333333333333333333
33333333333333333333333333333333333333333333333333
33333333333333333333333333333333333333333333333333
33333333333333333333333333333333333333333333333333
33333333333333333333333333333333333333333333333333
33333333333333333333333333333333333333333333333333
33333333333333333333333333333333333333333333333333
33333333333333333333333333333333333333333333333333
33333333333333333333333333333333333333333333333333
33333333333333333333333333333333333333333333333333
33333333333333333333333333333333333333333333333333
33333333333333333333333333333333333333333333333333
33333333333333333333333333333333333333333333333333
33333333333333333333333333333333333333333333333333
33333333333333333333333333333333333333333333333333
33333333333333333333333333333333333333333333333333
33333333333333333333333333333333333333333333333333
33333333333333333333333333333333333333333333333333
33333333333333333333333333333333333333333333333333
33333333333333333333333333333333333333333333333333
33333333333333333333333333333333333333333333333333
33333333333333333333333333333333333333333333333333
33333333333333333333333333333333333333333333333333
33333333333333333333333333333333333333333333333333
33333333333333333333333333333333333333333333333333
33333333333333333333333333333333333333333333333333
33333333333333333333333333333333333333333333333333
33333333333333333333333333333333333333333333333333
33333333333333333333333333333333333333333333333333
33333333333333333333333333333333333333333333333333
33333333333333333333333333333333333333333333333333
33333333333333333333333333333333333333333333333333
33333333333333333333333333333333333333333333333333
33333333333333333333333333333333333333333333333333
33333333333333333333333333333333333333333333333333
33333333333333333333333333333333333333333333333333
33333333333333333333333333333333333333333333333333
33333333333333333333333333333333333333333333333333
33333333333333333333333333333333333333333333333333
33333333333333333333333333333333333333333333333333
33333333333333333333333333333333333333333333333333
33333333333333333333333333333333333333333333333333
33333333333333333333333333333333333333333333333333
33333333333333333333333333333333333333333333333333
33333333333333333333333333333333333333333333333333
33333333333333333333333333333333333333333333333333
33333333333333333333333333333333333333333333333333
33333333333333333333333333333333333333333333333333
33333333333333333333333333333333333333333333333333
33333333333333333333333333333333333333333333333333
33333333333333333333333333333333333333333333333333
33333333333333333333333333333333333333333333333333
33333333333333333333033333333333333333333333333333
33333333333333333330003333333333333333333333333333
33333333333333333300000333333333333333333333333333
33333333333333333000000033333333333333333333333333
33333333333333330000000003333333333333333333333333
33333333333333300000000000333333333333333333333333
33333333333333000000000000033333333333333333333333
33333333333330000000000000003333333333333333333333
33333333333300000000000000000333333333333333333333
33333333333000000000000000000033333333333333333333
33333333330000000000000000000003333333333333333333
33333333300000000000000000000000333333333333333333
33333333000000000000000000000000033333333333333333
33333330000000000000000000000000003333333333333333
33333300000000000000000000000000000333333333333333
33333000000000000000000000000000000033333333333333
33330000000000000000000000000000000003333333333333
33300000000000000000000000000000000000333333333333
33000000000000000000000000000000000000033333333333
30000000000000000000000000000000000000003333333333
00000000000000000000000000000000000000000333333333
00000000000000000000000000000000000000000033333333
00000000000000000000000000000000000000000003333333
00000000000000000000000000000000000000000000333333
00000000000000000000000000000000000000000000033333
00000000000000000000000000000000000000000000003333
00000000000000000000000000000000000000000000000333
00000000000000000000000000000000000000000000000033
00000000000000000000000000000000000000000000000003
00000000000000000000000000000000000000000000000000
00000000000000000000000000000000000000000000000000
00000000000000000000000000000000000000000000000000
00000000000000000000000000000000000000000000000000
00000000000000000000000000000000000000000000000000
00000000000000000000000000000000000000000000000000
00000000000000000000000000000000000000000000000000
00000000000000000000000000000000000000000000000000
00000000000000000000000000000000000000000000000000
00000000000000000000000000000000000000000000000000
00000000000000000000000000000000000000000000000000
00000000000000000000000000000000000000000000000000
00000000000000000000000000000000000000000000000000
00000000000000000000000000000000000000000000000000
00000000000000000000000000000000000000000000000000
00000000000000000000000000000000000000000000000000
00000000000000000000000000000000000000000000000000
00000000000000000000000000000000000000000000000000
00000000000000000000000000000000000000000000000000
00000000000000000000000000000000000000000000000000
00000000000000000000000000000000000000000000000000
00000000000000000000000000000000000000000000000000
00000000000000000000000000000000000000000000000000
00000000000000000000000000000000000000000000000000
00000000000000000000000000000000000000000000000000
00000000000000000000000000000000000000000000000000
00000000000000000000000000000000000000000000000000
00000000000000000000000000000000000000000000000000
00000000000000000000000000000000000000000000000000
00000000000000000000000000000000000000000000000000
00000000000000000000000000000000000000000000000000
00000000000000000000000000000000000000000000000000
00000000000000000000000000000000000000000000000000
00000000000000000000000000000000000000000000000000
00000000000000000000000000000000000000000000000000
00000000000000000000000000000000000000000000000000
00000000000000000000000000000000000000000000000000
00000000000000000000000000000000000000000000000000
00000000000000000000000000000000000000000000000000
00000000000000000000000000000000000000000000000000
00000000000000000000000000000000000000000000000000
00000000000000000000000000000000000000000000000000
00000000000000000000000000000000000000000000000000
00000000000000000000000000000000000000000000000000
00000000000000000000000000000000000000000000000000
00000000000000000000000000000000000000000000000000
00000000000000000000000000000000000000000000000000
00000000000000000000000000000000000000000000000000
00000000000000000000000000000000000000000000000000
00000000000000000000000000000000000000000000000000
00000000000000000000000000000000000000000000000000
00000000000000000000000000000000000000000000000000
00000000000000000000000000000000000000000000000000
00000000000000000000000000000000000000000000000000
00000000000000000000300000000000000000000000000000
00000000000000000003330000000000000000000000000000
00000000000000000033333000000000000000000000000000
00000000000000000333333300000000000000000000000000
00000000000000003333333330000000000000000000000000
00000000000000033333333333000000000000000000000000
00000000000000333333333333300000000000000000000000
00000000000003333333333333330000000000000000000000
00000000000033333333333333333000000000000000000000
10000000000333333333333333333300000000000000000000
11000000003333333333333333333330000000000000000000
11100000033333333333333333333333000000000000000000
11110000333333333333333333333333300000000000000000
11111003333333333333333333333333330000000000000000
11111133333333333333333333333333333000000000000000
11111YY3333333333333333333333333333300000000000000
1111YYYY333333333333333333333333333330000000000000
111YYYYYY33333333333333333333333333333000000000000
11YYYYYYYY3333333333333333333333333333300000000000
1YYYYYYYYYY333333333333333333333333333330000000000
XYYYYYYYYYYY33333333333333333333333333333000000000
XXYYYYYYYYYYY3333333333333333333333333333300000000
XXXYYYYYYYYYYY333333333333333333333333333330000000
XXXXYYYYYYYYYYY33333333333333333333333333333000000
XXXXXYYYYYYYYYYY3333333333333333333333333333300000
XXXXXXYYYYYYYYYYY333333333333333333333333333330000
XXXXXXXYYYYYYYYYYY33333333333333333333333333333000
XXXXXXXXYYYYYYYYYYY3333333333333333333333333333300
XXXXXXXXXYYYYYYYYYYY333333333333333333333333333330
XXXXXXXXXXYYYYYYYYYYX33333333333333333333333333333
XXXXXXXXXXXYYYYYYYYXXX3333333333333333333333333333
XXXXXXXXXXXXYYYYYYXXXXX333333333333333333333333333
XXXXXXXXXXXXXYYYYXXXXXXX33333333333333333333333333
XXXXXXXXXXXXXXYYXXXXXXXXX3333333333333333333333333
XXXXXXXXXXXXXXXXXXXXXXXXXX333333333333333333333333
XXXXXXXXXXXXXXXXXXXXXXXXXXX33333333333333333333333
XXXXXXXXXXXXXXXXXXXXXXXXXXXX3333333333333333333333
XXXXXXXXXXXXXXXXXXXXXXXXXXXXX333333333333333333333
XXXXXXXXXXXXXXXXXXXXXXXXXXXXXX33333333333333333333
XXXXXXXXXXXXXXXXXXXXXXXXXXXXXXX3333333333333333333
XXXXXXXXXXXXXXXXXXXXXXXXXXXXXXXX333333333333333333
XXXXXXXXXXXXXXXXXXXXXXXXXXXXXXXXX33333333333333333
XXXXXXXXXXXXXXXXXXXXXXXXXXXXXXXXXX3333333333333333
XXXXXXXXXXXXXXXXXXXXXXXXXXXXXXXXXXX333333333333333
XXXXXXXXXXXXXXXXXXXXXXXXXXXXXXXXXXXX33333333333333
XXXXXXXXXXXXXXXXXXXXXXXXXXXXXXXXXXXXX3333333333333
XXXXXXXXXXXXXXXXXXXXXXXXXXXXXXXXXXXXXX333333333333
XXXXXXXXXXXXXXXXXXXXXXXXXXXXXXXXXXXXXXX33333333333
XXXXXXXXXXXXXXXXXXXXXXXXXXXXXXXXXXXXXXXX3333333333
XXXXXXXXXXXXXXXXXXXXXXXXXXXXXXXXXXXXXXXXX333333333
XXXXXXXXXXXXXXXXXXXXXXXXXXXXXXXXXXXXXXXXXX33333333
XXXXXXXXXXXXXXXXXXXXXXXXXXXXXXXXXXXXXXXXXXX3333333
XXXXXXXXXXXXXXXXXXXXXXXXXXXXXXXXXXXXXXXXXXXX333333
XXXXXXXXXXXXXXXXXXXXXXXXXXXXXXXXXXXXXXXXXXXXX33333
XXXXXXXXXXXXXXXXXXXXXXXXXXXXXXXXXXXXXXXXXXXXXX3333
XXXXXXXXXXXXXXXXXXXXXXXXXXXXXXXXXXXXXXXXXXXXXXX333
XXXXXXXXXXXXXXXXXXXXXXXXXXXXXXXXXXXXXXXXXXXXXXXX33
XXXXXXXXXXXXXXXXXXXXXXXXXXXXXXXXXXXXXXXXXXXXXXXXX3
XXXXXXXXXXXXXXXXXXXXXXXXXXXXXXXXXXXXXXXXXXXXXXXXXX
XXXXXXXXXXXXXXXXXXXXXXXXXXXXXXXXXXXXXXXXXXXXXXXXXX
XXXXXXXXXXXXXXXXXXXXXXXXXXXXXXXXXXXXXXXXXXXXXXXXXX
XXXXXXXXXXXXXXXXXXXXXXXXXXXXXXXXXXXXXXXXXXXXXXXXXX
XXXXXXXXXXXXXXXXXXXXXXXXXXXXXXXXXXXXXXXXXXXXXXXXXX
XXXXXXXXXXXXXXXXXXXXXXXXXXXXXXXXXXXXXXXXXXXXXXXXXX
XXXXXXXXXXXXXXXXXXXXXXXXXXXXXXXXXXXXXXXXXXXXXXXXXX
XXXXXXXXXXXXXXXXXXXXXXXXXXXXXXXXXXXXXXXXXXXXXXXXXX
XXXXXXXXXXXXXXXXXXXXXXXXXXXXXXXXXXXXXXXXXXXXXXXXXX
XXXXXXXXXXXXXXXXXXXXXXXXXXXXXXXXXXXXXXXXXXXXXXXXXX
XXXXXXXXXXXXXXXXXXXXXXXXXXXXXXXXXXXXXXXXXXXXXXXXXX
XXXXXXXXXXXXXXXXXXXXXXXXXXXXXXXXXXXXXXXXXXXXXXXXXX
XXXXXXXXXXXXXXXXXXXXXXXXXXXXXXXXXXXXXXXXXXXXXXXXXX
XXXXXXXXXXXXXXXXXXXXXXXXXXXXXXXXXXXXXXXXXXXXXXXXXX
XXXXXXXXXXXXXXXXXXXXXXXXXXXXXXXXXXXXXXXXXXXXXXXXXX
XXXXXXXXXXXXXXXXXXXXXXXXXXXXXXXXXXXXXXXXXXXXXXXXXX
XXXXXXXXXXXXXXXXXXXXXXXXXXXXXXXXXXXXXXXXXXXXXXXXXX
XXXXXXXXXXXXXXXXXXXXXXXXXXXXXXXXXXXXXXXXXXXXXXXXXX
XXXXXXXXXXXXXXXXXXXXXXXXXXXXXXXXXXXXXXXXXXXXXXXXXX
XXXXXXXXXXXXXXXXXXXXXXXXXXXXXXXXXXXXXXXXXXXXXXXXXX
XXXXXXXXXXXXXXXXXXXXXXXXXXXXXXXXXXXXXXXXXXXXXXXXXX
XXXXXXXXXXXXXXXXXXXXXXXXXXXXXXXXXXXXXXXXXXXXXXXXXX
XXXXXXXXXXXXXXXXXXXXXXXXXXXXXXXXXXXXXXXXXXXXXXXXXX
XXXXXXXXXXXXXXXXXXXXXXXXXXXXXXXXXXXXXXXXXXXXXXXXXX
XXXXXXXXXXXXXXXXXXXXXXXXXXXXXXXXXXXXXXXXXXXXXXXXXX
XXXXXXXXXXXXXXXXXXXXXXXXXXXXXXXXXXXXXXXXXXXXXXXXXX
XXXXXXXXXXXXXXXXXXXXXXXXXXXXXXXXXXXXXXXXXXXXXXXXXX
XXXXXXXXXXXXXXXXXXXXXXXXXXXXXXXXXXXXXXXXXXXXXXXXXX
XXXXXXXXXXXXXXXXXXXXXXXXXXXXXXXXXXXXXXXXXXXXXXXXXX
XXXXXXXXXXXXXXXXXXXXXXXXXXXXXXXXXXXXXXXXXXXXXXXXXX
XXXXXXXXXXXXXXXXXXXXXXXXXXXXXXXXXXXXXXXXXXXXXXXXXX
XXXXXXXXXXXXXXXXXXXXXXXXXXXXXXXXXXXXXXXXXXXXXXXXXX
XXXXXXXXXXXXXXXXXXXXXXXXXXXXXXXXXXXXXXXXXXXXXXXXXX
XXXXXXXXXXXXXXXXXXXXXXXXXXXXXXXXXXXXXXXXXXXXXXXXXX
XXXXXXXXXXXXXXXXXXXXXXXXXXXXXXXXXXXXXXXXXXXXXXXXXX
XXXXXXXXXXXXXXXXXXXXXXXXXXXXXXXXXXXXXXXXXXXXXXXXXX
XXXXXXXXXXXXXXXXXXXXXXXXXXXXXXXXXXXXXXXXXXXXXXXXXX
XXXXXXXXXXXXXXXXXXXXXXXXXXXXXXXXXXXXXXXXXXXXXXXXXX
XXXXXXXXXXXXXXXXXXXXXXXXXXXXXXXXXXXXXXXXXXXXXXXXXX
XXXXXXXXXXXXXXXXXXXXXXXXXXXXXXXXXXXXXXXXXXXXXXXXXX
XXXXXXXXXXXXXXXXXXXXXXXXXXXXXXXXXXXXXXXXXXXXXXXXXX
XXXXXXXXXXXXXXXXXXXXXXXXXXXXXXXXXXXXXXXXXXXXXXXXXX
XXXXXXXXXXXXXXXXXXXXXXXXXXXXXXXXXXXXXXXXXXXXXXXXXX
XXXXXXXXXXXXXXXXXXXXXXXXXXXXXXXXXXXXXXXXXXXXXXXXXX
XXXXXXXXXXXXXXXXXXXXXXXXXXXXXXXXXXXXXXXXXXXXXXXXXX
XXXXXXXXXXXXXXXXXXXXXXXXXXXXXXXXXXXXXXXXXXXXXXXXXX
XXXXXXXXXXXXXXXXXXXXXXXXXXXXXXXXXXXXXXXXXXXXXXXXXX
XXXXXXXXXXXXXXXXXXXXXXXXXXXXXXXXXXXXXXXXXXXXXXXXXX
XXXXXXXXXXXXXXXXXXXXXXXXXXXXXXXXXXXXXXXXXXXXXXXXXX
XXXXXXXXXXXXXXXXXXXXXXXXXXXXXXXXXXXXXXXXXXXXXXXXXX
XXXXXXXXXXXXXXXXXXXXXXXXXXXXXXXXXXXXXXXXXXXXXXXXXX
XXXXXXXXXXXXXXXXXXXXXXXXXXXXXXXXXXXXXXXXXXXXXXXXXX
XXXXXXXXXXXXXXXXXXXXXXXXXXXXXXXXXXXXXXXXXXXXXXXXXX
XXXXXXXXXXXXXXXXXXXXXXXXXXXXXXXXXXXXXXXXXXXXXXXXXX
XXXXXXXXXXXXXXXXXXXXXXXXXXXXXXXXXXXXXXXXXXXXXXXXXX
XXXXXXXXXXXXXXXXXXXXXXXXXXXXXXXXXXXXXXXXXXXXXXXXXX
XXXXX00XXXXXXXXXXXXXXXXXXXXXXXXXXXXXXXXXXXXXXXXXXX
XXXX0000XXXXXXXXXXXXXXXXXXXXXXXXXXXXXXXXXXXXXXXXXX
XXX000000XXXXXXXXXXXXXXXXXXXXXXXXXXXXXXXXXXXXXXXXX
XX00000000XXXXXXXXXXXXXXXXXXXXXXXXXXXXXXXXXXXXXXXX
X0000000000XXXXXXXXXXXXXXXXXXXXXXXXXXXXXXXXXXXXXXX
000000000000XXXXXXXXXXXXXXXXXXXXXXXXXXXXXXXXXXXXXX
0000000000000XXXXXXXXXXXXXXXXXXXXXXXXXXXXXXXXXXXXX
00000000000000XXXXXXXXXXXXXXXXXXXXXXXXXXXXXXXXXXXX
000000000000000XXXXXXXXXXXXXXXXXXXXXXXXXXXXXXXXXXX
0000000000000000XXXXXXXXXXXXXXXXXXXXXXXXXXXXXXXXXX
00000000000000000XXXXXXXXXXXXXXXXXXXXXXXXXXXXXXXXX
000000000000000000XXXXXXXXXXXXXXXXXXXXXXXXXXXXXXXX
0000000000000000000XXXXXXXXXXXXXXXXXXXXXXXXXXXXXXX
00000000000000000000XXXXXXXXXXXXXXXXXXXXXXXXXXXXXX
000000000000000000003XXXXXXXXXXXXXXXXXXXXXXXXXXXXX
0000000000000000000333XXXXXXXXXXXXXXXXXXXXXXXXXXXX
00000000000000000033333XXXXXXXXXXXXXXXXXXXXXXXXXXX
000000000000000003333333XXXXXXXXXXXXXXXXXXXXXXXXXX
0000000000000000333333333XXXXXXXXXXXXXXXXXXXXXXXXX
00000000000000033333333333XXXXXXXXXXXXXXXXXXXXXXXX
000000000000003333333333333XXXXXXXXXXXXXXXXXXXXXXX
0000000000000333333333333333XXXXXXXXXXXXXXXXXXXXXX
00000000000033333333333333333XXXXXXXXXXXXXXXXXXXXX
000000000003333333333333333333XXXXXXXXXXXXXXXXXXXX
0000000000333333333333333333333XXXXXXXXXXXXXXXXXXX
00000000033333333333333333333333XXXXXXXXXXXXXXXXXX
000000003333333333333333333333333XXXXXXXXXXXXXXXXX
0000000333333333333333333333333333XXXXXXXXXXXXXXXX
00000033333333333333333333333333333XXXXXXXXXXXXXXX
000003333333333333333333333333333333XXXXXXXXXXXXXX
0000333333333333333333333333333333333XXXXXXXXXXXXX
00033333333333333333333333333333333333XXXXXXXXXXXX
003333333333333333333333333333333333333XXXXXXXXXXX
0333333333333333333333333333333333333333XXXXXXXXXX
33333333333333333333333333333333333333333XXXXXXXXX
333333333333333333333333333333333333333333XXXXXXXX
3333333333333333333333333333333333333333333XXXXXXX
33333333333333333333333333333333333333333333XXXXXX
333333333333333333333333333333333333333333333XXXXX
3333333333333333333333333333333333333333333333XXXX
33333333333333333333333333333333333333333333333XXX
333333333333333333333333333333333333333333333333XX
3333333333333333333333333333333333333333333333333X
33333333333333333333333333333333333333333333333333
33333333333333333333333333333333333333333333333333
33333333333333333333333333333333333333333333333333
33333333333333333333333333333333333333333333333333
33333333333333333333333333333333333333333333333333
33333333333333333333333333333333333333333333333333
33333333333333333333333333333333333333333333333333
33333333333333333333333333333333333333333333333333
33333333333333333333333333333333333333333333333333
33333333333333333333333333333333333333333333333333
33333333333333333333333333333333333333333333333333
33333333333333333333333333333333333333333333333333
33333333333333333333333333333333333333333333333333
33333333333333333333333333333333333333333333333333
33333333333333333333333333333333333333333333333333
33333333333333333333333333333333333333333333333333
33333333333333333333333333333333333333333333333333
33333333333333333333333333333333333333333333333333
33333333333333333333333333333333333333333333333333
33333333333333333333333333333333333333333333333333
33333333333333333333333333333333333333333333333333
33333333333333333333333333333333333333333333333333
33333333333333333333333333333333333333333333333333
33333333333333333333333333333333333333333333333333
33333333333333333333333333333333333333333333333333
33333333333333333333333333333333333333333333333333
33333333333333333333333333333333333333333333333333
33333333333333333333333333333333333333333333333333
33333333333333333333333333333333333333333333333333
33333333333333333333333333333333333333333333333333
33333333333333333333333333333333333333333333333333
33333333333333333333333333333333333333333333333333
33333333333333333333333333333333333333333333333333
33333333333333333333333333333333333333333333333333
33333333333333333333333333333333333333333333333333
33333333333333333333333333333333333333333333333333
33333333333333333333333333333333333333333333333333
33333333333333333333333333333333333333333333333333
33333333333333333333333333333333333333333333333333
33333333333333333333333333333333333333333333333333
33333333333333333333333333333333333333333333333333
33333333333333333333333333333333333333333333333333
33333333333333333333333333333333333333333333333333
33333333333333333333333333333333333333333333333333
33333333333333333333333333333333333333333333333333
33333333333333333333333333333333333333333333333333
33333333333333333333333333333333333333333333333333
33333333333333333333333333333333333333333333333333
33333333333333333333333333333333333333333333333333
33333333333333333333333333333333333333333333333333
33333333333333333333333333333333333333333333333333
33333333333333333333333333333333333333333333333333
33333333333333333333333333333333333333333333333333
33333333333333333333333333333333333333333333333333
33333333333333333333333333333333333333333333333333
33333333333333333333333333333333333333333333333333
33333333333333333333333333333333333333333333333333
33333333333333333333333333333333333333333333333333
33333333333333333333333333333333333333333333333333
33333333333333333333333333333333333333333333333333
33333333333333333333333333333333333333333333333333
33333333333333333333333333333333333333333333333333
33333333333333333333333333333333333333333333333333
33333333333333333333333333333333333333333333333333
33333333333333333333333333333333333333333333333333
33333333333333333333333333333333333333333333333333
33333333333333333333333333333333333333333333333333
33333333333333333333333333333333333333333333333333
33333333333333333333333333333333333333333333333333
33333333333333333333333333333333333333333333333333
33333333333333333333333333333333333333333333333333
33333333333333333333033333333333333333333333333333
33333333333333333330003333333333333333333333333333
33333333333333333300000333333333333333333333333333
33333333333333333000000033333333333333333333333333
33333333333333330000000003333333333333333333333333
33333333333333300000000000333333333333333333333333
33333333333333000000000000033333333333333333333333
33333333333330000000000000003333333333333333333333
33333333333300000000000000000333333333333333333333
33333333333000000000000000000033333333333333333333
33333333330000000000000000000003333333333333333333
33333333300000000000000000000000333333333333333333
33333333000000000000000000000000033333333333333333
33333330000000000000000000000000003333333333333333
33333300000000000000000000000000000333333333333333
33333000000000000000000000000000000033333333333333
33330000000000000000000000000000000003333333333333
33300000000000000000000000000000000000333333333333
33000000000000000000000000000000000000033333333333
30000000000000000000000000000000000000003333333333
10000000000000000000000000000000000000000333333333
11000000000000000000000000000000000000000033333333
11100000000000000000000000000000000000000003333333
11110000000000000000000000000000000000000000333333
11111000000000000000000000000000000000000000033333
11111100000000000000000000000000000000000000003333
11111110000000000000000000000000000000000000000333
11111111000000000000000000000000000000000000000033
11111111100000000000000000000000000000000000000003
11111111110000000000000000000000000000000000000000
11111111111000000000000000000000000000000000000000
11111111111100000000000000000000000000000000000000
11111111111110000000000000000000000000000000000000
11111111111111000000000000000000000000000000000000
11111111111111100000000000000000000000000000000000
11111111111111110000000000000000000000000000000000
11111111111111111000000000000000000000000000000000
11111111111111111100000000000000000000000000000000
11111111111111111110000000000000000000000000000000
11111111111111111111000000000000000000000000000000
11111111111111111111100000000000000000000000000000
11111111111111111111110000000000000000000000000000
11111111111111111111111000000000000000000000000000
11111111111111111111111100000000000000000000000000
11111111111111111111111110000000000000000000000000
11111111111111111111111111000000000000000000000000
11111111111111111111111111100000000000000000000000
11111111111111111111111111110000000000000000000000
11111111111111111111111111111000000000000000000000
11111111111111111111111111111100000000000000000000
11111111111111111111111111111110000000000000000000
11111111111111111111111111111111000000000000000000
11111111111111111111111111111111100000000000000000
11111111111111111111111111111111110000000000000000
11111111111111111111111111111111111000000000000000
11111111111111111111111111111111111100000000000000
11111111111111111111111111111111111110000000000000
11111111111111111111111111111111111111000000000000
11111111111111111111111111111111111111100000000000
11111111111111111111111111111111111111110000000000
11111111111111111111111111111111111111111000000000
11111111111111111111111111111111111111111100000000
11111111111111111111111111111111111111111110000000
11111111111111111111111111111111111111111111000000
11111111111111111111111111111111111111111111100000
11111111111111111111111111111111111111111111110000
11111111111111111111111111111111111111111111111000
11111111111111111111111111111111111111111111111100
11111111111111111111111111111111111111111111111110
11111111111111111111111111111111111111111111111111
11111111111111111111111111111111111111111111111111
11111111111111111111111111111111111111111111111111
11111111111111111111111111111111111111111111111111
11111111111111111111111111111111111111111111111111
11111111111111111111111111111111111111111111111111
11111111111111111111111111111111111111111111111111
11111111111111111111111111111111111111111111111111
11111111111111111111111111111111111111111111111111
11111111111111111111111111111111111111111111111111
11111111111111111111111111111111111111111111111111
11111111111111111111111111111111111111111111111111
11111111111111111111111111111111111111111111111111
11111111111111111111111111111111111111111111111111
11111111111111111111111111111111111111111111111111
11111111111111111111111111111111111111111111111111
11111111111111111111111111111111111111111111111111
11111111111111111111111111111111111111111111111111
11111111111111111111111111111111111111111111111111
11111111111111111111111111111111111111111111111111
11111111111111111111111111111111111111111111111111
11111111111111111111111111111111111111111111111111
11111111111111111111111111111111111111111111111111
11111111111111111111111111111111111111111111111111
11111111111111111111111111111111111111111111111111
11111111111111111111111111111111111111111111111111
11111111111111111111111111111111111111111111111111
11111111111111111111111111111111111111111111111111
11111111111111111111111111111111111111111111111111
11111111111111111111111111111111111111111111111111
11111111111111111111111111111111111111111111111111
11111111111111111111111111111111111111111111111111
11111111111111111111111111111111111111111111111111
11111111111111111111111111111111111111111111111111
11111111111111111111111111111111111111111111111111
11111111111111111111111111111111111111111111111111
11111111111111111111111111111111111111111111111111
11111111111111111111111111111111111111111111111111
11111111111111111111111111111111111111111111111111
11111111111111111111111111111111111111111111111111
11111111111111111111111111111111111111111111111111
11111111111111111111111111111111111111111111111111
11111111111111111111111111111111111111111111111111
11111111111111111111111111111111111111111111111111
11111111111111111111111111111111111111111111111111
11111111111111111111111111111111111111111111111111
11111111111111111111111111111111111111111111111111
11111111111111111111111111111111111111111111111111
11111111111111111111111111111111111111111111111111
11111111111111111111111111111111111111111111111111
11111111111111111111111111111111111111111111111111
01111111111111111111111111111111111111111111111111
00111111111111111111111111111111111111111111111111
00011111111111111111111111111111111111111111111111
00001111111111111111111111111111111111111111111111
00000111111111111111111111111111111111111111111111
00000011111111111111111111111111111111111111111111
00000001111111111111111111111111111111111111111111
00000000111111111111111111111111111111111111111111
00000000011111111111111111111111111111111111111111
00000000001111111111111111111111111111111111111111
00000000000111111111111111111111111111111111111111
00000000000011111111111111111111111111111111111111
00000000000001111111111111111111111111111111111111
00000000000000111111111111111111111111111111111111
00000000000000011111111111111111111111111111111111
00000000000000001111111111111111111111111111111111
00000000000000000111111111111111111111111111111111
00000000000000000011111111111111111111111111111111
00000000000000000001111111111111111111111111111111
00000000000000000000111111111111111111111111111111
00000000000000000000011111111111111111111111111111
00000000000000000000001111111111111111111111111111
00000000000000000000000111111111111111111111111111
00000000000000000000000011111111111111111111111111
00000000000000000000000001111111111111111111111111
00000000000000000000000000111111111111111111111111
00000000000000000000000000011111111111111111111111
00000000000000000000000000001111111111111111111111
00000000000000000000000000000111111111111111111111
00000000000000000000000000000011111111111111111111
00000000000000000000000000000001111111111111111111
00000000000000000000000000000000111111111111111111
00000000000000000000000000000000011111111111111111
00000000000000000000000000000000001111111111111111
00000000000000000000000000000000000111111111111111
00000000000000000000000000000000000011111111111111
00000000000000000000000000000000000001111111111111
00000000000000000000000000000000000000111111111111
00000000000000000000000000000000000000011111111111
00000000000000000000000000000000000000001111111111
00000000000000000000000000000000000000000111111111
00000000000000000000000000000000000000000011111111
00000000000000000000000000000000000000000001111111
00000000000000000000000000000000000000000000111111
00000000000000000000000000000000000000000000011111
00000000000000000000000000000000000000000000001111
00000000000000000000000000000000000000000000000111
00000000000000000000000000000000000000000000000011
00000000000000000000000000000000000000000000000001
00000000000000000000000000000000000000000000000000
00000000000000000000000000000000000000000000000000
00000000000000000000000000000000000000000000000000
00000000000000000000000000000000000000000000000000
00000000000000000000000000000000000000000000000000
00000000000000000000000000000000000000000000000000
00000000000000000000000000000000000000000000000000
00000000000000000000000000000000000000000000000000
00000000000000000000000000000000000000000000000000
00000000000000000000000000000000000000000000000000
00000000000000000000000000000000000000000000000000
00000000000000000000000000000000000000000000000000
00000000000000000000000000000000000000000000000000
00000000000000000000000000000000000000000000000000
00000000000000000000000000000000000000000000000000
00000000000000000000000000000000000000000000000000
00000000000000000000000000000000000000000000000000
00000000000000000000000000000000000000000000000000
00000000000000000000000000000000000000000000000000
00000000000000000000000000000000000000000000000000
00000000000000000000000000000000000000000000000000
00000000000000000000000000000000000000000000000000
00000000000000000000000000000000000000000000000000
00000000000000000000000000000000000000000000000000
00000000000000000000000000000000000000000000000000
00000000000000000000000000000000000000000000000000
00000000000000000000000000000000000000000000000000
00000000000000000000000000000000000000000000000000
00000000000000000000000000000000000000000000000000
00000000000000000000000000000000000000000000000000
00000000000000000000000000000000000000000000000000
00000000000000000000000000000000000000000000000000
00000000000000000000000000000000000000000000000000
00000000000000000000000000000000000000000000000000
00000000000000000000300000000000000000000000000000
00000000000000000003330000000000000000000000000000
00000000000000000033333000000000000000000000000000
00000000000000000333333300000000000000000000000000
00000000000000003333333330000000000000000000000000
00000000000000033333333333000000000000000000000000
00000000000000333333333333300000000000000000000000
00000000000003333333333333330000000000000000000000
00000000000033333333333333333000000000000000000000
00000000000333333333333333333300000000000000000000
00000000003333333333333333333330000000000000000000
00000000033333333333333333333333000000000000000000
00000000333333333333333333333333300000000000000000
00000003333333333333333333333333330000000000000000
00000033333333333333333333333333333000000000000000
00000333333333333333333333333333333300000000000000
00003333333333333333333333333333333330000000000000
00033333333333333333333333333333333333000000000000
00333333333333333333333333333333333333300000000000
03333333333333333333333333333333333333330000000000
33333333333333333333333333333333333333333000000000
33333333333333333333333333333333333333333300000000
33333333333333333333333333333333333333333330000000
33333333333333333333333333333333333333333333000000
33333333333333333333333333333333333333333333300000
33333333333333333333333333333333333333333333330000
33333333333333333333333333333333333333333333333000
33333333333333333333333333333333333333333333333300
33333333333333333333333333333333333333333333333330
33333333333333333333333333333333333333333333333333
33333333333333333333333333333333333333333333333333
33333333333333333333333333333333333333333333333333
33333333333333333333333333333333333333333333333333
33333333333333333333333333333333333333333333333333
33333333333333333333333333333333333333333333333333
33333333333333333333333333333333333333333333333333
33333333333333333333333333333333333333333333333333
33333333333333333333333333333333333333333333333333
33333333333333333333333333333333333333333333333333
33333333333333333333333333333333333333333333333333
33333333333333333333333333333333333333333333333333
33333333333333333333333333333333333333333333333333
33333333333333333333333333333333333333333333333333
33333333333333333333333333333333333333333333333333
33333333333333333333333333333333333333333333333333
33333333333333333333333333333333333333333333333333
33333333333333333333333333333333333333333333333333
33333333333333333333333333333333333333333333333333
33333333333333333333333333333333333333333333333333
33333333333333333333333333333333333333333333333333
33333333333333333333333333333333333333333333333333
33333333333333333333333333333333333333333333333333
33333333333333333333333333333333333333333333333333
33333333333333333333333333333333333333333333333333
33333333333333333333333333333333333333333333333333
33333333333333333333333333333333333333333333333333
33333333333333333333333333333333333333333333333333
33333333333333333333333333333333333333333333333333
33333333333333333333333333333333333333333333333333
33333333333333333333333333333333333333333333333333
33333333333333333333333333333333333333333333333333
33333333333333333333333333333333333333333333333333
33333333333333333333333333333333333333333333333333
33333333333333333333333333333333333333333333333333
33333333333333333333333333333333333333333333333333
33333333333333333333333333333333333333333333333333
33333333333333333333333333333333333333333333333333
33333333333333333333333333333333333333333333333333
33333333333333333333333333333333333333333333333333
33333333333333333333333333333333333333333333333333
33333333333333333333333333333333333333333333333333
33333333333333333333333333333333333333333333333333
33333333333333333333333333333333333333333333333333
33333333333333333333333333333333333333333333333333
33333333333333333333333333333333333333333333333333
33333333333333333333333333333333333333333333333333
33333333333333333333333333333333333333333333333333
33333333333333333333333333333333333333333333333333
33333333333333333333333333333333333333333333333333
33333333333333333333333333333333333333333333333333
33333333333333333333333333333333333333333333333333
33333333333333333333333333333333333333333333333333
33333333333333333333333333333333333333333333333333
33333333333333333333333333333333333333333333333333
33333333333333333333333333333333333333333333333333
33333333333333333333333333333333333333333333333333
33333333333333333333333333333333333333333333333333
33333333333333333333333333333333333333333333333333
33333333333333333333333333333333333333333333333333
33333333333333333333333333333333333333333333333333
33333333333333333333333333333333333333333333333333
33333333333333333333333333333333333333333333333333
33333333333333333333333333333333333333333333333333
33333333333333333333333333333333333333333333333333
33333333333333333333333333333333333333333333333333
33333333333333333333333333333333333333333333333333
33333333333333333333333333333333333333333333333333
33333333333333333333333333333333333333333333333333
33333333333333333333333333333333333333333333333333
33333333333333333333033333333333333333333333333333
33333333333333333330003333333333333333333333333333
33333333333333333300000333333333333333333333333333
33333333333333333000000033333333333333333333333333
33333333333333330000000003333333333333333333333333
33333333333333300000000000333333333333333333333333
33333333333333000000000000033333333333333333333333
33333333333330000000000000003333333333333333333333
33333333333300000000000000000333333333333333333333
33333333333000000000000000000033333333333333333333
33333333330000000000000000000003333333333333333333
33333333300000000000000000000000333333333333333333
33333333000000000000000000000000033333333333333333
33333330000000000000000000000000003333333333333333
33333300000000000000000000000000000333333333333333
33333000000000000000000000000000000033333333333333
33330000000000000000000000000000000003333333333333
33300000000000000000000000000000000000333333333333
33000000000000000000000000000000000000033333333333
30000000000000000000000000000000000000003333333333
00000000000000000000000000000000000000000333333333
00000000000000000000000000000000000000000033333333
00000000000000000000000000000000000000000003333333
00000000000000000000000000000000000000000000333333
00000000000000000000000000000000000000000000033333
00000000000000000000000000000000000000000000003333
00000000000000000000000000000000000000000000000333
00000000000000000000000000000000000000000000000033
00000000000000000000000000000000000000000000000003
00000000000000000000000000000000000000000000000000
00000000000000000000000000000000000000000000000000
00000000000000000000000000000000000000000000000000
10000000000000000000000000000000000000000000000000
11000000000000000000000000000000000000000000000000
11100000000000000000000000000000000000000000000002
11110000000000000000000000000000000000000000000022
11111000000000000000000000000000000000000000000222
11111100000000000000000000000000000000000000002222
11111110000000000000000000000000000000000000022222
11111111000000000000000000000000000000000000222222
11111111100000000000000000000000000000000002222222
11111111110000000000000000000000000000000022222222
11111111111000000000000000000000000000000222222222
11111111111100000000000000000000000000002222222222
11111111111110000000000000000000000000022222222222
11111111111111000000000000000000000000222222222222
11111111111111100000000000000000000002222222222222
11111111111111110000000000000000000022222222222222
11111111111111111000000000000000000222222222222222
11111111111111111100000000000000002222222222222222
11111111111111111110000000000000022222222222222222
11111111111111111111000000000000222222222222222222
11111111111111111111100000000002222222222222222222
11111111111111111111110000000022222222222222222222
11111111111111111111111000000222222222222222222222
11111111111111111111111100002222222222222222222222
11111111111111111111111110022222222222222222222222
11111111111111111111111111222222222222222222222222
1111111111111111111111111YY22222222222222222222222
111111111111111111111111YYYY2222222222222222222222
11111111111111111111111YYYYYY222222222222222222222
1111111111111111111111YYYYYYYY22222222222222222222
111111111111111111111YYYYYYYYYY2222222222222222222
11111111111111111111YYYYYYYYYYYY222222222222222222
1111111111111111111YYYYYYYYYYYYYY22222222222222222
111111111111111111YYYYYYYYYYYYYYYY2222222222222222
11111111111111111YYYYYYYYYYYYYYYYYY222222222222222
1111111111111111YYYYYYYYYYYYYYYYYYYY22222222222222
111111111111111YYYYYYYYYYYYYYYYYYYYYY2222222222222
11111111111111YYYYYYYYYYYYYYYYYYYYYYYY222222222222
1111111111111YYYYYYYYYYYYYYYYYYYYYYYYYY22222222222
111111111111YYYYYYYYYYYYYYYYYYYYYYYYYYYY2222222222
11111111111YYYYYYYYYYYYYYYYYYYYYYYYYYYYYY222222222
1111111111YYYYYYYYYYYYYYYYYYYYYYYYYYYYYYYY22222222
111111111YYYYYYYYYYYYYYYYYYYYYYYYYYYYYYYYYY2222222
11111111YYYYYYYYYYYYYYYYYYYYYYYYYYYYYYYYYYYY222222
1111111YYYYYYYYYYYYYYYYYYYYYYYYYYYYYYYYYYYYYY22222
111111YYYYYYYYYYYYYYYYYYYYYYYYYYYYYYYYYYYYYYYY2222
11111YYYYYYYYYYYYYYYYYYYYYYYYYYYYYYYYYYYYYYYYYY222
1111YYYYYYYYYYYYYYYYYYYYYYYYYYYYYYYYYYYYYYYYYYYY22
111YYYYYYYYYYYYYYYYYYYYYYYYYYYYYYYYYYYYYYYYYYYYYY2
11YYYYYYYYYYYYYYYYYYYYYYYYYYYYYYYYYYYYYYYYYYYYYYYX
1YYYYYYYYYYYYYYYYYYYYYYYYYYYYYYYYYYYYYYYYYYYYYYYXX
XYYYYYYYYYYYYYYYYYYYYYYYYYYYYYYYYYYYYYYYYYYYYYYXXX
XXYYYYYYYYYYYYYYYYYYYYYYYYYYYYYYYYYYYYYYYYYYYYXXXX
XXXYYYYYYYYYYYYYYYYYYYYYYYYYYYYYYYYYYYYYYYYYYXXXXX
XXXXYYYYYYYYYYYYYYYYYYYYYYYYYYYYYYYYYYYYYYYYXXXXXX
XXXXXYYYYYYYYYYYYYYYYYYYYYYYYYYYYYYYYYYYYYYXXXXXXX
XXXXXXYYYYYYYYYYYYYYYYYYYYYYYYYYYYYYYYYYYYXXXXXXXX
XXXXXXXYYYYYYYYYYYYYYYYYYYYYYYYYYYYYYYYYYXXXXXXXXX
XXXXXXXXYYYYYYYYYYYYYYYYYYYYYYYYYYYYYYYYXXXXXXXXXX
XXXXXXXXXYYYYYYYYYYYYYYYYYYYYYYYYYYYYYYXXXXXXXXXXX
XXXXXXXXXXYYYYYYYYYYYYYYYYYYYYYYYYYYYYXXXXXXXXXXXX
XXXXXXXXXXXYYYYYYYYYYYYYYYYYYYYYYYYYYXXXXXXXXXXXXX
XXXXXXXXXXXXYYYYYYYYYYYYYYYYYYYYYYYYXXXXXXXXXXXXXX
XXXXXXXXXXXXXYYYYYYYYYYYYYYYYYYYYYYXXXXXXXXXXXXXXX
XXXXXXXXXXXXXXYYYYYYYYYYYYYYYYYYYYXXXXXXXXXXXXXXXX
XXXXXXXXXXXXXXXYYYYYYYYYYYYYYYYYYXXXXXXXXXXXXXXXXX
XXXXXXXXXXXXXXXXYYYYYYYYYYYYYYYYXXXXXXXXXXXXXXXXXX
XXXXXXXXXXXXXXXXXYYYYYYYYYYYYYYXXXXXXXXXXXXXXXXXXX
XXXXXXXXXXXXXXXXXXYYYYYYYYYYYYXXXXXXXXXXXXXXXXXXXX
XXXXXXXXXXXXXXXXXXXYYYYYYYYYYXXXXXXXXXXXXXXXXXXXXX
XXXXXXXXXXXXXXXXXXXXYYYYYYYYXXXXXXXXXXXXXXXXXXXXXX
XXXXXXXXXXXXXXXXXXXXXYYYYYYXXXXXXXXXXXXXXXXXXXXXXX
XXXXXXXXXXXXXXXXXXXXXXYYYYXXXXXXXXXXXXXXXXXXXXXXXX
XXXXXXXXXXXXXXXXXXXXXXXYYXXXXXXXXXXXXXXXXXXXXXXXXX
XXXXXXXXXXXXXXXXXXXXXXXXXXXXXXXXXXXXXXXXXXXXXXXXXX
XXXXXXXXXXXXXXXXXXXXXXXXXXXXXXXXXXXXXXXXXXXXXXXXXX
XXXXXXXXXXXXXXXXXXXXXXXXXXXXXXXXXXXXXXXXXXXXXXXXXX
XXXXXXXXXXXXXXXXXXXXXXXXXXXXXXXXXXXXXXXXXXXXXXXXXX
XXXXXXXXXXXXXXXXXXXXXXXXXXXXXXXXXXXXXXXXXXXXXXXXXX
XXXXXXXXXXXXXXXXXXXXXXXXXXXXXXXXXXXXXXXXXXXXXXXXXX
XXXXXXXXXXXXXXXXXXXXXXXXXXXXXXXXXXXXXXXXXXXXXXXXXX
XXXXXXXXXXXXXXXXXXXXXXXXXXXXXXXXXXXXXXXXXXXXXXXXXX
XXXXXXXXXXXXXXXXXXXXXXXXXXXXXXXXXXXXXXXXXXXXXXXXXX
XXXXXXXXXXXXXXXXXXXXXXXXXXXXXXXXXXXXXXXXXXXXXXXXXX
XXXXXXXXXXXXXXXXXXXXXXXXXXXXXXXXXXXXXXXXXXXXXXXXXX
XXXXXXXXXXXXXXXXXXXXXXXXXXXXXXXXXXXXXXXXXXXXXXXXXX
XXXXXXXXXXXXXXXXXXXXXXXXXXXXXXXXXXXXXXXXXXXXXXXXXX
XXXXXXXXXXXXXXXXXXXXXXXXXXXXXXXXXXXXXXXXXXXXXXXXXX
XXXXXXXXXXXXXXXXXXXXXXXXXXXXXXXXXXXXXXXXXXXXXXXXXX
XXXXXXXXXXXXXXXXXXXXXXXXXXXXXXXXXXXXXXXXXXXXXXXXXX
XXXXXXXXXXXXXXXXXXXXXXXXXXXXXXXXXXXXXXXXXXXXXXXXXX
XXXXXXXXXXXXXXXXXXXXXXXXXXXXXXXXXXXXXXXXXXXXXXXXXX
XXXXXXXXXXXXXXXXXXXXXXXXXXXXXXXXXXXXXXXXXXXXXXXXXX
XXXXXXXXXXXXXXXXXXXXXXXXXXXXXXXXXXXXXXXXXXXXXXXXXX
XXXXXXXXXXXXXXXXXXXXXXXXXXXXXXXXXXXXXXXXXXXXXXXXXX
XXXXXXXXXXXXXXXXXXXXXXXXXXXXXXXXXXXXXXXXXXXXXXXXXX
XXXXXXXXXXXXXXXXXXXXXXXXXXXXXXXXXXXXXXXXXXXXXXXXXX
XXXXXXXXXXXXXXXXXXXXXXXXXXXXXXXXXXXXXXXXXXXXXXXXXX
XXXXXXXXXXXXXXXXXXXXXXXXXXXXXXXXXXXXXXXXXXXXXXXXXX
XXXXXXXXXXXXXXXXXXXXXXXXXXXXXXXXXXXXXXXXXXXXXXXXXX
XXXXXXXXXXXXXXXXXXXXXXXXXXXXXXXXXXXXXXXXXXXXXXXXXX
XXXXXXXXXXXXXXXXXXXXXXXXXXXXXXXXXXXXXXXXXXXXXXXXXX
XXXXXXXXXXXXXXXXXXXXXXXXXXXXXXXXXXXXXXXXXXXXXXXXXX
XXXXXXXXXXXXXXXXXXXXXXXXXXXXXXXXXXXXXXXXXXXXXXXXXX
XXXXXXXXXXXXXXXXXXXXXXXXXXXXXXXXXXXXXXXXXXXXXXXXXX
XXXXXXXXXXXXXXXXXXXXXXXXXXXXXXXXXXXXXXXXXXXXXXXXXX
XXXXXXXXXXXXXXXXXXXXXXXXXXXXXXXXXXXXXXXXXXXXXXXXXX
XXXXXXXXXXXXXXXXXXXXXXXXXXXXXXXXXXXXXXXXXXXXXXXXXX
XXXXXXXXXXXXXXXXXXXXXXXXXXXXXXXXXXXXXXXXXXXXXXXXXX
XXXXXXXXXXXXXXXXXXXXXXXXXXXXXXXXXXXXXXXXXXXXXXXXXX
XXXXXXXXXXXXXXXXXXXXXXXXXXXXXXXXXXXXXXXXXXXXXXXXXX
XXXXXXXXXXXXXXXXXXXXXXXXXXXXXXXXXXXXXXXXXXXXXXXXXX
XXXXXXXXXXXXXXXXXXXXXXXXXXXXXXXXXXXXXXXXXXXXXXXXXX
XXXXXXXXXXXXXXXXXXXXXXXXXXXXXXXXXXXXXXXXXXXXXXXXXX
XXXXXXXXXXXXXXXXXXXXXXXXXXXXXXXXXXXXXXXXXXXXXXXXXX
XXXXXXXXXXXXXXXXXXXXXXXXXXXXXXXXXXXXXXXXXXXXXXXXXX
XXXXXXXXXXXXXXXXXXXXXXXXXXXXXXXXXXXXXXXXXXXXXXXXXX
XXXXXXXXXXXXXXXXXXXXXXXXXXXXXXXXXXXXXXXXXXXXXXXXXX
XXXXXXXXXXXXXXXXXXXXXXXXXXXXXXXXXXXXXXXXXXXXXXXXXX
XXXXXXXXXXXXXXXXXXXXXXXXXXXXXXXXXXXXXXXXXXXXXXXXXX
XXXXXXXXXXXXXXXXXXXXXXXXXXXXXXXXXXXXXXXXXXXXXXXXXX
XXXXXXXXXXXXXXXXXXXXXXXXXXXXXXXXXXXXXXXXXXXXXXXXXX
XXXXXXXXXXXXXXXXXXXXXXXXXXXXXXXXXXXXXXXXXXXXXXXXXX
XXXXXXXXXXXXXXXXXXXXXXXXXXXXXXXXXXXXXXXXXXXXXXXXXX
XXXXXXXXXXXXXXXXXXXXXXXXXXXXXXXXXXXXXXXXXXXXXXXXXX
XXXXXXXXXXXXXXXXXXXXXXXXX00XXXXXXXXXXXXXXXXXXXXXXX
XXXXXXXXXXXXXXXXXXXXXXXX0000XXXXXXXXXXXXXXXXXXXXXX
XXXXXXXXXXXXXXXXXXXXXXX000000XXXXXXXXXXXXXXXXXXXXX
XXXXXXXXXXXXXXXXXXXXXX00000000XXXXXXXXXXXXXXXXXXXX
XXXXXXXXXXXXXXXXXXXXX0000000000XXXXXXXXXXXXXXXXXXX
XXXXXXXXXXXXXXXXXXXX000000000000XXXXXXXXXXXXXXXXXX
XXXXXXXXXXXXXXXXXXX00000000000000XXXXXXXXXXXXXXXXX
XXXXXXXXXXXXXXXXXX0000000000000000XXXXXXXXXXXXXXXX
XXXXXXXXXXXXXXXXX000000000000000000XXXXXXXXXXXXXXX
XXXXXXXXXXXXXXXX00000000000000000000XXXXXXXXXXXXXX
XXXXXXXXXXXXXXX0000000000000000000000XXXXXXXXXXXXX
XXXXXXXXXXXXXX000000000000000000000000XXXXXXXXXXXX
XXXXXXXXXXXXX00000000000000000000000000XXXXXXXXXXX
XXXXXXXXXXXX0000000000000000000000000000XXXXXXXXXX
XXXXXXXXXXX000000000000000000000000000000XXXXXXXXX
XXXXXXXXXX00000000000000000000000000000000XXXXXXXX
XXXXXXXXX0000000000000000000000000000000000XXXXXXX
XXXXXXXX000000000000000000000000000000000000XXXXXX
XXXXXXX00000000000000000000000000000000000000XXXXX
XXXXXX0000000000000000000000000000000000000000XXXX
XXXXX000000000000000000000000000000000000000000XXX
XXXX00000000000000000000000000000000000000000000XX
XXX0000000000000000000000000000000000000000000000X
XX000000000000000000000000000000000000000000000002
X0000000000000000000000000000000000000000000000022
10000000000000000000000000000000000000000000000222
11000000000000000000000000000000000000000000002222
11100000000000000000000000000000000000000000022222
11110000000000000000000000000000000000000000222222
11111000000000000000000000000000000000000002222222
11111100000000000000000000000000000000000022222222
11111110000000000000000000000000000000000222222222
11111111000000000000000000000000000000002222222222
11111111100000000000000000000000000000022222222222
11111111110000000000000000000000000000222222222222
11111111111000000000000000000000000002222222222222
11111111111100000000000000000000000022222222222222
11111111111110000000000000000000000222222222222222
11111111111111000000000000000000002222222222222222
11111111111111100000000000000000022222222222222222
11111111111111110000000000000000222222222222222222
11111111111111111000000000000002222222222222222222
11111111111111111100000000000022222222222222222222
11111111111111111110000000000222222222222222222222
11111111111111111111000000002222222222222222222222
11111111111111111111100000022222222222222222222222
11111111111111111111110000222222222222222222222222
11111111111111111111111002222222222222222222222222
11111111111111111111111122222222222222222222222222
11111111111111111111111YY2222222222222222222222222
1111111111111111111111YYYY222222222222222222222222
111111111111111111111YYYYYY22222222222222222222222
11111111111111111111YYYYYYYY2222222222222222222222
1111111111111111111YYYYYYYYYY222222222222222222222
111111111111111111YYYYYYYYYYYY22222222222222222222
11111111111111111YYYYYYYYYYYYYY2222222222222222222
1111111111111111YYYYYYYYYYYYYYYY222222222222222222
111111111111111YYYYYYYYYYYYYYYYYY22222222222222222
11111111111111YYYYYYYYYYYYYYYYYYYY2222222222222222
1111111111111YYYYYYYYYYYYYYYYYYYYYY222222222222222
111111111111YYYYYYYYYYYYYYYYYYYYYYYY22222222222222
11111111111YYYYYYYYYYYYYYYYYYYYYYYYYY2222222222222
1111111111YYYYYYYYYYYYYYYYYYYYYYYYYYYY222222222222
111111111YYYYYYYYYYYYYYYYYYYYYYYYYYYYYY22222222222
11111111YYYYYYYYYYYYYYYYYYYYYYYYYYYYYYYY2222222222
1111111YYYYYYYYYYYYYYYYYYYYYYYYYYYYYYYYYY222222222
111111YYYYYYYYYYYYYYYYYYYYYYYYYYYYYYYYYYYY22222222
11111YYYYYYYYYYYYYYYYYYYYYYYYYYYYYYYYYYYYYY2222222
1111YYYYYYYYYYYYYYYYYYYYYYYYYYYYYYYYYYYYYYYY222222
111YYYYYYYYYYYYYYYYYYYYYYYYYYYYYYYYYYYYYYYYYY22222
11YYYYYYYYYYYYYYYYYYYYYYYYYYYYYYYYYYYYYYYYYYYY2222
1YYYYYYYYYYYYYYYYYYYYYYYYYYYYYYYYYYYYYYYYYYYYYY222
XYYYYYYYYYYYYYYYYYYYYYYYYYYYYYYYYYYYYYYYYYYYYYYY22
XXYYYYYYYYYYYYYYYYYYYYYYYYYYYYYYYYYYYYYYYYYYYYYYY2
XXXYYYYYYYYYYYYYYYYYYYYYYYYYYYYYYYYYYYYYYYYYYYYYYX
XXXXYYYYYYYYYYYYYYYYYYYYYYYYYYYYYYYYYYYYYYYYYYYYXX
XXXXXYYYYYYYYYYYYYYYYYYYYYYYYYYYYYYYYYYYYYYYYYYXXX
XXXXXXYYYYYYYYYYYYYYYYYYYYYYYYYYYYYYYYYYYYYYYYXXXX
XXXXXXXYYYYYYYYYYYYYYYYYYYYYYYYYYYYYYYYYYYYYYXXXXX
XXXXXXXXYYYYYYYYYYYYYYYYYYYYYYYYYYYYYYYYYYYYXXXXXX
XXXXXXXXXYYYYYYYYYYYYYYYYYYYYYYYYYYYYYYYYYYXXXXXXX
XXXXXXXXXXYYYYYYYYYYYYYYYYYYYYYYYYYYYYYYYYXXXXXXXX
XXXXXXXXXXXYYYYYYYYYYYYYYYYYYYYYYYYYYYYYYXXXXXXXXX
XXXXXXXXXXXXYYYYYYYYYYYYYYYYYYYYYYYYYYYYXXXXXXXXXX
XXXXXXXXXXXXXYYYYYYYYYYYYYYYYYYYYYYYYYYXXXXXXXXXXX
XXXXXXXXXXXXXXYYYYYYYYYYYYYYYYYYYYYYYYXXXXXXXXXXXX
XXXXXXXXXXXXXXXYYYYYYYYYYYYYYYYYYYYYYXXXXXXXXXXXXX
XXXXXXXXXXXXXXXXYYYYYYYYYYYYYYYYYYYYXXXXXXXXXXXXXX
XXXXXXXXXXXXXXXXXYYYYYYYYYYYYYYYYYYXXXXXXXXXXXXXXX
XXXXXXXXXXXXXXXXXXYYYYYYYYYYYYYYYYXXXXXXXXXXXXXXXX
XXXXXXXXXXXXXXXXXXXYYYYYYYYYYYYYYXXXXXXXXXXXXXXXXX
XXXXXXXXXXXXXXXXXXXXYYYYYYYYYYYYXXXXXXXXXXXXXXXXXX
XXXXXXXXXXXXXXXXXXXXXYYYYYYYYYYXXXXXXXXXXXXXXXXXXX
XXXXXXXXXXXXXXXXXXXXXXYYYYYYYYXXXXXXXXXXXXXXXXXXXX
XXXXXXXXXXXXXXXXXXXXXXXYYYYYYXXXXXXXXXXXXXXXXXXXXX
XXXXXXXXXXXXXXXXXXXXXXXXYYYYXXXXXXXXXXXXXXXXXXXXXX
XXXXXXXXXXXXXXXXXXXXXXXXXYYXXXXXXXXXXXXXXXXXXXXXXX
XXXXXXXXXXXXXXXXXXXXXXXXXXXXXXXXXXXXXXXXXXXXXXXXXX
XXXXXXXXXXXXXXXXXXXXXXXXXXXXXXXXXXXXXXXXXXXXXXXXXX
XXXXXXXXXXXXXXXXXXXXXXXXXXXXXXXXXXXXXXXXXXXXXXXXXX
